0.025073
0.017380
0.019690
0.013384
0.019750
0.014767
0.018922
0.014592
0.021293
0.015143
0.020387
0.012953
0.033994
0.038897
0.013810
0.020802
0.015179
0.017841
0.015461
0.024635
0.014265
0.026642
0.016475
0.026619
0.017936
0.036296
0.019373
0.014083
0.019759
0.016291
0.027775
0.016168
0.025664
0.015041
0.027581
0.016045
0.019822
0.014397
0.024561
0.016115
0.024315
0.015083
0.027130
0.015910
0.023943
0.015757
0.022128
0.013778
0.025044
0.017017
0.030492
0.020378
0.013894
0.027860
0.015404
0.018185
0.013970
0.025169
0.014732
0.017476
0.015355
0.019412
0.014367
0.039938
0.038379
0.014263
0.019310
0.013350
0.025140
0.014238
0.032223
0.030074
0.012760
0.044393
0.018609
0.013603
0.017068
0.016140
0.014149
0.017580
0.013239
0.025892
0.015503
0.021898
0.015915
0.036458
0.016435
0.017283
0.021364
0.018275
0.019314
0.014173
0.019769
0.013906
0.022404
0.014467
0.028077
0.015407
0.014552
0.025259
0.033332
0.012674
0.026564
0.017187
0.014246
0.019648
0.012968
0.019026
0.013305
0.024333
0.014573
0.029187
0.031019
0.013202
0.017240
0.014935
0.019600
0.014082
0.015902
0.016935
0.035209
0.015377
0.021499
0.015349
0.023214
0.033636
0.015543
0.017443
0.014398
0.021655
0.014614
0.020528
0.013523
0.020294
0.026867
0.015456
0.026303
0.015774
0.012948
0.022254
0.015486
0.017838
0.015559
0.029166
0.015733
0.024371
0.015927
0.022425
0.014986
0.024711
0.015835
0.020689
0.015251
0.019615
0.016777
0.027611
0.017234
0.016589
0.026146
0.014202
0.018787
0.013941
0.040293
0.015811
0.012854
0.017740
0.014074
0.030670
0.047575
0.015602
0.019809
0.017377
0.034065
0.017220
0.031452
0.017401
0.020796
0.016703
0.017196
0.012765
0.016623
0.014082
0.019433
0.015894
0.023367
0.015950
0.019612
0.017176
0.020616
0.017233
0.021248
0.018082
0.020533
0.016984
0.049461
0.028627
0.016653
0.018593
0.016609
0.055379
0.026861
0.012829
0.022461
0.016377
0.027107
0.017310
0.027949
0.013637
0.027241
0.015015
0.018252
0.014155
0.025064
0.014144
0.022153
0.016308
0.028575
0.016180
0.024035
0.014877
0.017262
0.015510
0.024399
0.018749
0.027669
0.015479
0.022068
0.022476
0.021571
0.022043
0.016354
0.014836
0.020842
0.014135
0.022911
0.014763
0.036418
0.033083
0.014492
0.021956
0.014112
0.022731
0.024028
0.014764
0.024618
0.013910
0.022116
0.014040
0.020718
0.013962
0.018730
0.014812
0.025772
0.016017
0.022990
0.015161
0.024176
0.017650
0.013968
0.044296
0.032694
0.016632
0.018573
0.013372
0.018229
0.015213
0.025556
0.015816
0.025386
0.015441
0.022768
0.035646
0.016729
0.020032
0.016961
0.017669
0.015224
0.020282
0.015785
0.016391
0.017643
0.021658
0.016538
0.022027
0.015254
0.029266
0.032154
0.013822
0.036918
0.023737
0.015332
0.018992
0.016621
0.020888
0.018253
0.019018
0.014893
0.036808
0.025207
0.012455
0.018653
0.014502
0.020637
0.014430
0.021231
0.015037
0.018225
0.016286
0.029985
0.016835
0.018604
0.015158
0.025748
0.019137
0.033356
0.017761
0.025956
0.012513
0.016832
0.014300
0.051633
0.035325
0.014695
0.042451
0.018320
0.013338
0.017690
0.013557
0.018532
0.014511
0.016195
0.013132
0.016828
0.012846
0.019533
0.014752
0.017767
0.013621
0.015372
0.015643
0.019009
0.014498
0.021578
0.015504
0.025876
0.035410
0.014721
0.023359
0.014771
0.016602
0.015938
0.023714
0.015392
0.016743
0.016272
0.020117
0.016670
0.022363
0.034132
0.014945
0.017377
0.014112
0.041745
0.021306
0.013837
0.045634
0.044118
0.013803
0.036735
0.016026
0.013695
0.027055
0.014553
0.020077
0.014829
0.022132
0.014861
0.018968
0.014888
0.022243
0.014864
0.018533
0.015610
0.023285
0.015528
0.027050
0.017937
0.015116
0.021077
0.014895
0.045515
0.017267
0.013269
0.027004
0.014433
0.026095
0.018524
0.027241
0.018084
0.018645
0.016861
0.031565
0.041194
0.015622
0.026057
0.017791
0.022935
0.016835
0.020979
0.016359
0.023470
0.016970
0.025532
0.016570
0.051674
0.032706
0.017447
0.019979
0.013414
0.022224
0.014848
0.023918
0.013433
0.022489
0.038637
0.013489
0.042404
0.017583
0.012525
0.026679
0.035540
0.013176
0.017064
0.014151
0.017433
0.016249
0.023718
0.015220
0.015931
0.018118
0.013911
0.022774
0.017958
0.013342
0.040779
0.026506
0.014231
0.018698
0.013726
0.024061
0.017311
0.013768
0.023425
0.014160
0.023058
0.015825
0.025485
0.017704
0.022655
0.014561
0.022206
0.015771
0.017060
0.014758
0.019707
0.019827
0.023740
0.016619
0.015281
0.015485
0.016765
0.016424
0.017470
0.014834
0.025808
0.017182
0.015984
0.013503
0.026888
0.015479
0.020664
0.014156
0.028175
0.014722
0.018656
0.016571
0.026865
0.016117
0.021550
0.017361
0.014864
0.018008
0.016298
0.028089
0.015021
0.021478
0.017790
0.012737
0.047919
0.023134
0.014049
0.018897
0.014718
0.017393
0.023537
0.037790
0.031594
0.039747
0.033546
0.033296
0.016851
0.023341
0.029221
0.024825
0.035503
0.042263
0.017700
0.035519
0.021847
0.021775
0.023401
0.028827
0.019211
0.029323
0.013430
0.021725
0.011689
0.014073
0.010209
0.016698
0.013407
0.017117
0.011625
0.014631
0.011125
0.021924
0.011479
0.013206
0.013279
0.015318
0.010663
0.032181
0.012653
0.010018
0.013861
0.010835
0.014446
0.013417
0.013029
0.024935
0.011052
0.024019
0.011619
0.013789
0.010879
0.015152
0.011819
0.015224
0.010433
0.014938
0.009938
0.014370
0.010553
0.015341
0.010511
0.013446
0.009790
0.015454
0.008669
0.015261
0.010409
0.018187
0.010466
0.015536
0.010973
0.012070
0.010899
0.013486
0.011772
0.014014
0.010231
0.014179
0.011977
0.015207
0.010317
0.015476
0.010732
0.016304
0.010438
0.015153
0.011483
0.019474
0.011074
0.015819
0.011846
0.015233
0.012994
0.013759
0.013927
0.024497
0.012296
0.013913
0.013580
0.023402
0.012867
0.011210
0.013781
0.010360
0.018696
0.010733
0.017140
0.010671
0.017917
0.010018
0.017213
0.011272
0.015225
0.011667
0.014811
0.010747
0.018687
0.012217
0.023446
0.012874
0.024972
0.012068
0.022776
0.012439
0.015917
0.011180
0.043742
0.014720
0.010400
0.016352
0.010485
0.014102
0.010555
0.015670
0.009921
0.015231
0.009672
0.013432
0.010187
0.016111
0.010012
0.022401
0.011199
0.022081
0.010694
0.013356
0.010179
0.013504
0.009635
0.015281
0.010070
0.020073
0.010771
0.021009
0.010757
0.019705
0.010225
0.016236
0.010794
0.013852
0.010292
0.013323
0.009734
0.023195
0.012175
0.010456
0.021758
0.011677
0.009756
0.012484
0.010757
0.020908
0.009648
0.016814
0.010542
0.015335
0.009792
0.028085
0.013483
0.009813
0.023189
0.010740
0.020901
0.011971
0.012279
0.009438
0.012566
0.010096
0.010977
0.010242
0.012105
0.011941
0.011910
0.011651
0.014036
0.011829
0.022379
0.012806
0.012767
0.013623
0.011210
0.016037
0.011730
0.017959
0.012623
0.014870
0.012253
0.024788
0.010805
0.014656
0.010653
0.015039
0.011322
0.022227
0.012150
0.017174
0.013089
0.013949
0.011762
0.023203
0.011117
0.015473
0.010203
0.023666
0.011394
0.019875
0.012276
0.015832
0.012491
0.016565
0.011342
0.024020
0.012868
0.017137
0.010095
0.015087
0.010871
0.015671
0.011632
0.014551
0.010853
0.013540
0.010436
0.016002
0.011184
0.014839
0.011131
0.013769
0.010124
0.013334
0.009915
0.015383
0.010053
0.020255
0.011333
0.013990
0.011156
0.021914
0.014604
0.011446
0.015688
0.011841
0.014048
0.011676
0.023581
0.011155
0.015018
0.011090
0.025215
0.012786
0.009840
0.012383
0.009611
0.022889
0.012891
0.009910
0.018021
0.009935
0.012897
0.010894
0.015675
0.011128
0.012871
0.010654
0.022981
0.010181
0.021350
0.009825
0.013118
0.008678
0.032832
0.011334
0.009255
0.018891
0.012232
0.009844
0.016471
0.011403
0.016600
0.011646
0.016435
0.011522
0.020127
0.012947
0.022046
0.012275
0.019879
0.011429
0.013161
0.011368
0.015785
0.011946
0.016150
0.009896
0.012814
0.010581
0.024577
0.013501
0.010339
0.015682
0.010962
0.023196
0.011433
0.012432
0.010421
0.027145
0.013152
0.010064
0.028468
0.012826
0.009955
0.012682
0.009513
0.026596
0.013285
0.009447
0.013245
0.009864
0.013526
0.009289
0.022839
0.011801
0.010273
0.022381
0.010606
0.021397
0.010021
0.018639
0.010185
0.013600
0.011063
0.017797
0.010470
0.015319
0.010738
0.014337
0.010742
0.024113
0.010682
0.017509
0.011543
0.026788
0.011454
0.023401
0.010556
0.014903
0.011078
0.025480
0.011931
0.019267
0.011274
0.012269
0.010774
0.020270
0.013534
0.010547
0.014772
0.009550
0.013042
0.009952
0.023919
0.012352
0.014536
0.009950
0.014255
0.010132
0.015283
0.011127
0.021603
0.010399
0.016293
0.010578
0.015845
0.011633
0.014926
0.012039
0.013601
0.009944
0.013520
0.012786
0.010598
0.018323
0.014282
0.019389
0.010924
0.017666
0.010011
0.017161
0.013754
0.010832
0.018282
0.011475
0.018614
0.009508
0.012949
0.009653
0.017487
0.011243
0.014599
0.014037
0.029109
0.015451
0.012299
0.013519
0.035313
0.013593
0.029666
0.011813
0.030096
0.011683
0.016380
0.014230
0.010423
0.039377
0.014551
0.011428
0.016572
0.012248
0.014816
0.010989
0.021706
0.010980
0.016175
0.012183
0.013485
0.011282
0.023764
0.012471
0.017182
0.011007
0.013221
0.010183
0.029666
0.012812
0.009600
0.012564
0.009975
0.018314
0.010715
0.020500
0.010846
0.013319
0.009845
0.016510
0.010360
0.016628
0.009916
0.020299
0.010025
0.022796
0.010874
0.012219
0.012069
0.021900
0.010753
0.017091
0.010762
0.014913
0.010206
0.017381
0.010820
0.015031
0.012764
0.025364
0.010159
0.020384
0.011926
0.013253
0.011277
0.020282
0.011621
0.011731
0.010209
0.011320
0.012981
0.010967
0.014824
0.013122
0.010542
0.017620
0.012789
0.009703
0.013295
0.009654
0.013868
0.010375
0.020087
0.012650
0.010146
0.021215
0.011588
0.023096
0.011569
0.011964
0.011809
0.009629
0.028755
0.013391
0.009823
0.014846
0.009830
0.022624
0.012064
0.009991
0.018756
0.010246
0.013324
0.009680
0.021044
0.010312
0.013582
0.010330
0.012961
0.009608
0.012070
0.010956
0.011090
0.013025
0.010235
0.019531
0.009771
0.013216
0.010448
0.013487
0.009544
0.013284
0.009678
0.015712
0.010024
0.017196
0.010845
0.013325
0.010291
0.022193
0.011868
0.024090
0.010625
0.018176
0.010570
0.020244
0.010695
0.017445
0.010546
0.012553
0.010550
0.024661
0.012413
0.013046
0.013085
0.009387
